2 5
2 5
2 5 16 17 21
2 5 15 17 20 21
2 5
2 5
2 5
2 5
2 5
2 5 15
5
2 5 7
2 5
2 5 7
2 5
2 5
2 5 7
2 5 9 10
2 5
2 5
2 5
2 5
2 5
2 5 7 16
2 5
2 5 15 17 21
2 5 7 9 10 17
2 5
2 5 15 20
5
2 5 7
2 5 17 21
2 5 15 17 20 21
2 5
2 5
2 5
2 5 6 15 16 17 20 21 29
2 5 14
2 5
2 5
5
2 5 15
2 5 7 17 20
2 5 8 9 10 25 26
2 5
2 5
2 5
2 5 17
2 5 15 17
2 5 7 16
2 5
2 5 17
2 5 17
2 5
2 5
2 5
2 5
2 5 7 16 17 21
2 5
2 5 17
2 5 15
2 5
2 5 8 13 14
2 5
2 5
2 5 7 17
2 5 7
2 5
2 5 15 17 21
2 5 7 15 16 17 22 27 28
2 5 9 10 11 12 17 20 21
2 5
2 5
2 5
2
2 5
2
2 5 17
2 5 7 15 17
2 5
2 5 7 16
2 5 9 10
2 5 17
2 5 15 17 21
5
5 7
2 5 7 16
2 5
2 5
2 5 6 15 17 21
2 5 17
2 5
2 5 7
2 5 17
2 5 9 10
5
2 5 7 16
2 5
2 5
2 5 7 15 17 21
2 5 9 10
5
2 5
2 5
2 5
2 5 7
2 5 13 17
2 5 9 10 11 12
2 5 7 9 10 17 20
2 5 15
5
2 5 17 20
2 5 16
2 5 15 17
5 9 10
2 5 17
2 5 15 17 21
2 5 15 17 21
2 5
5
2 5 7 17 20 21
2 5 7 16 20
2 5 15 17
5
2 5
2 5
5
5
2 5
2 5
2 5
2 5
2 5 9 10
2 5 9 10 11 12 17
2 5 9 10 11 12
2 5 7
2 5 7 15
2 5 17 21
2 5 7 16 17 21
2 5
2 5
2 5
2 5
2 5
2 5
2 5 17
2 5 7 17
2 5 17
2 5
2 5 16 17
2 5 7
2 5
2 5 16 17
2 5
2 5
2 5 7 16
5
2 5 17
2 5 7 9 10 11 12 17
2 5 15 17 21
2 5 15 17 20 21
2 5
2 5
2 5
2 5
2 5 9 10
2 5 17
2 5
2 5 9 10 17 20 21
2 5
2 5
2 5
2 5
2 5
2 5 7
2 5 17
2 5
2 5 7 8
2 5
2 5 9 10 17
2 5 7
2 5
2 5
2 5
2 5 7 9 10 11 12 13 16 17 20
2 5 7 17
2 5 17
2 5
2 5 17 21
2 5 17
5
5
2 5
2 5 9 10 15 17
2 5 7 15 16 17
2 5 15 17 21
2 5 7
2 5
2 5
2 5
5 11 12 19
2 5
2 5
2 5
2 5 7 8 16 17 25 26
2 5 9 10 16 17
2 5 7 15
2 5 7 17
2 5 20
2 5 17
2 5 17
2 5
2 5 7 16 17
2 5
2 5
2 5
2 5
2 5 9 10
2 5 15 17 21
2 5 9 10 11 12 16 17 20
2 5 9 10 17 21
2 5 6 7 15 16
5
2 5 17
2 5
2 5 7
2 5
2 5
5
2 5 7 16
2 5
2 5 9 10 14 17
2 5 7 17 21
2 5
2 5
2 5 15 17
2 5
2 5 7 15 17 20
2 5
2 5 6 7 15 16 17
2 5 17
2 5 17
2 5
2 5 15
2 5 17
2 5
5
2 5
2 5 8 13 17
2 5 7 15 17 21
2 5 7 17
2 5
2 5 7 16
2 5
2 5
2 5
2 5
5
2 5 9 10 18
2 5
5 10 11 12 18 19
2 5
5
2 5 7 13 16 17 20 21 22 23 24
5
2 5
2 5
2 5
2 5
2 5
2 5 17
2 5
2 5
2 5
2 5
2 5
2 5
2 5
2 5
2 5
2 5 9 10 17
2 5
2 5
2 5 7
2 5
2 5
2 5 15
2 5 7 9 10 11 12 17 20
2 5 16
2 5
2 5
2 5
5
2 5
2 5
2 5 17 21
2 5 17
2 5
2 5 8 13
2 5
2 5
2 5
2 5
2 5 9 10
2 5
2 5 9 10
2 5
2 5
2 5 15 17
2 5
2 5 17
2 5
1 2 3 4 5 6
2 5
